131,129,127,128,125,131,123,132,133,124,125,129,132,125,128,133,127,130,129,127,125,128,128,129,126,122,122,127,132,125,121,114,113,107,112,112,107,101,98,103,95,90,96,91,87,87,86,85,88,83,88,87,87,86,83,83,83,83,91,91,98,88,90,97,95,88,94,106,114,118,118,117,123,128,123,120,119,120,120,121,121,115,121,119,121,116,119,118,118,117,114,111
130,128,128,128,128,129,131,131,128,123,131,131,129,132,130,127,129,125,126,128,126,131,128,129,127,125,120,121,119,115,107,105,113,117,111,100,104,96,95,99,101,90,89,87,85,82,81,80,83,88,78,82,89,84,85,83,81,78,79,83,88,91,81,80,84,85,87,89,97,99,108,108,123,127,127,122,118,120,120,121,120,117,121,117,118,116,117,117,117,115,116,116
130,130,129,127,128,132,132,132,128,129,132,134,132,131,128,131,131,128,129,129,128,129,130,126,126,120,110,109,106,100,104,115,109,107,102,102,94,88,87,88,90,87,89,84,81,85,80,69,75,77,78,79,79,79,82,74,72,76,73,78,77,83,85,85,86,85,89,88,90,88,97,106,108,124,125,120,121,124,123,121,120,120,121,118,119,120,114,115,117,115,117,119
129,133,129,128,131,134,133,127,132,134,132,130,130,134,131,128,132,129,127,130,131,127,125,127,123,111,98,99,99,98,105,112,110,103,100,89,80,76,72,74,78,77,76,80,86,78,71,63,68,68,65,76,71,76,72,61,63,64,62,69,71,79,86,86,86,85,85,86,92,91,90,90,94,110,117,117,121,123,120,116,122,119,117,118,116,116,117,115,116,117,119,118
127,134,128,131,133,134,129,130,134,130,129,132,131,131,130,130,132,132,129,128,128,123,122,116,108,90,90,91,90,96,96,97,99,95,78,71,65,72,70,63,62,65,71,82,78,67,65,57,72,68,67,72,63,67,66,51,53,51,59,68,77,81,84,84,81,79,81,82,88,86,88,93,89,94,100,109,117,123,118,111,117,116,116,118,114,112,116,116,114,116,114,116
131,132,130,130,137,131,132,133,134,126,133,131,129,129,128,132,131,132,129,126,118,114,111,93,89,83,81,80,81,85,93,92,97,74,60,49,58,54,58,64,54,60,85,75,65,56,57,49,60,74,63,65,55,57,53,50,57,56,72,71,73,78,77,79,84,77,81,80,85,87,88,92,96,93,95,108,113,115,108,110,107,116,116,115,117,115,116,114,110,115,115,115
132,133,130,134,134,129,134,134,128,132,129,127,127,126,129,130,131,129,129,119,105,105,98,82,80,77,67,67,80,91,94,88,74,58,54,57,50,46,58,56,45,66,86,63,64,56,55,65,64,72,64,67,59,60,52,46,67,72,61,66,65,73,72,77,82,78,73,72,72,82,84,90,95,94,97,97,101,101,106,119,115,119,116,114,122,122,120,119,121,119,116,116
129,131,133,135,132,130,136,133,131,131,130,130,130,129,128,130,129,132,118,104,101,96,75,69,76,64,74,74,74,109,89,78,65,54,47,51,46,46,54,63,56,83,80,52,62,57,55,65,53,68,72,70,57,58,57,65,71,61,63,62,46,60,71,69,80,73,59,58,58,64,70,81,74,78,81,93,93,96,104,108,117,115,116,121,125,120,119,121,117,116,117,118
134,132,137,134,130,137,132,130,131,130,133,134,133,131,132,129,127,116,105,103,97,66,70,74,73,75,69,69,91,93,83,68,59,52,48,55,46,50,55,61,67,93,72,65,73,76,73,74,81,82,78,77,67,67,72,62,56,62,59,53,53,50,61,67,73,75,63,50,42,55,68,72,72,70,72,69,81,85,88,100,112,111,119,122,121,122,121,120,120,118,112,116
134,134,137,134,136,139,134,136,132,136,136,138,136,133,131,132,118,106,94,102,90,63,77,81,74,67,68,66,102,87,76,60,52,58,53,57,61,62,63,72,89,94,90,91,99,103,107,109,107,107,100,101,90,86,79,78,67,60,54,55,51,55,53,68,75,74,66,62,53,70,73,75,73,67,65,74,73,75,83,85,100,113,120,126,121,124,120,122,121,118,117,115
136,140,137,134,136,139,137,131,133,138,138,135,133,135,132,123,108,102,88,102,75,72,81,77,71,66,60,64,91,81,60,56,48,58,62,63,76,81,93,103,122,127,129,137,136,141,144,144,136,137,127,125,126,123,108,102,88,71,65,57,59,60,53,61,76,73,73,59,55,59,63,74,72,67,57,55,62,70,75,84,86,92,101,115,115,122,123,124,123,121,118,117
134,137,139,133,140,140,133,135,135,136,139,133,130,131,130,115,100,87,88,98,79,81,76,71,60,52,56,74,94,76,57,63,58,76,90,108,123,127,140,147,148,155,159,159,160,163,161,162,159,154,144,150,151,153,142,138,120,100,86,74,66,58,56,62,70,67,71,45,48,55,54,64,68,69,60,56,57,65,65,70,80,83,86,101,115,118,125,125,124,122,121,118
134,143,135,138,138,138,134,133,137,136,139,136,133,132,122,104,92,87,90,90,74,78,69,63,54,55,59,78,93,65,70,86,99,126,135,147,150,160,164,166,165,162,167,173,168,171,171,175,168,166,153,162,163,164,160,162,152,139,127,104,88,75,67,59,70,67,66,54,38,51,47,55,60,66,62,58,64,67,68,68,71,79,84,94,115,118,121,123,126,125,123,123
135,143,135,136,138,137,136,134,137,138,139,137,140,129,112,93,91,84,96,84,77,69,58,57,50,52,55,74,100,76,105,133,145,147,150,158,166,169,172,180,167,172,174,176,176,179,179,181,178,177,161,167,170,168,167,169,162,161,158,147,138,118,99,79,74,62,63,54,41,47,42,53,46,55,54,56,67,68,63,66,64,72,78,82,102,115,121,122,120,120,120,123
137,137,136,139,136,137,138,140,137,136,137,142,134,115,99,88,86,83,98,77,71,62,58,48,44,45,59,80,107,129,145,154,157,160,166,172,178,180,178,183,176,177,179,181,184,186,188,189,189,187,162,174,175,175,174,172,166,171,167,164,159,153,138,125,98,77,66,62,46,40,43,50,43,47,55,56,60,64,70,66,57,63,71,73,83,101,115,120,122,118,118,116
139,136,140,139,135,136,139,137,139,137,140,132,115,100,94,88,83,86,88,69,68,60,47,46,51,49,81,122,137,152,155,163,165,172,179,184,189,189,186,182,188,188,189,190,188,192,196,194,193,189,176,175,178,179,176,177,172,175,174,172,168,164,161,148,133,114,82,67,53,39,46,39,39,41,47,45,59,63,68,66,64,62,69,71,82,86,106,117,120,121,120,117
141,139,142,135,138,137,142,141,141,141,136,121,104,96,87,89,90,83,78,67,67,50,45,44,62,97,133,155,149,159,167,173,177,186,185,189,195,195,189,191,191,193,195,191,192,197,195,192,197,191,189,172,182,176,180,182,181,184,179,178,177,172,168,159,152,140,123,93,66,54,41,38,34,39,45,40,49,45,58,58,72,59,63,73,77,79,95,115,118,117,118,115
141,142,142,138,139,139,141,138,141,139,127,111,97,84,91,99,84,75,72,58,44,44,42,56,104,141,161,169,159,167,172,179,188,192,194,194,203,198,200,199,199,200,198,199,201,203,198,197,198,197,192,165,182,188,188,188,183,183,181,180,177,180,176,164,160,158,144,134,106,66,47,40,41,33,43,42,40,48,57,66,66,65,66,73,71,78,85,116,114,117,112,113
139,136,140,139,139,141,143,142,139,134,109,87,81,94,100,88,74,75,58,39,46,38,63,102,143,160,172,173,169,178,179,190,192,196,201,195,202,203,203,203,202,203,201,201,202,203,203,201,201,195,193,171,186,191,194,193,186,186,187,184,183,184,179,174,168,164,156,143,134,108,71,43,39,37,41,34,46,45,58,67,64,62,70,67,72,72,76,110,119,119,117,114
140,140,140,139,137,141,141,141,137,120,84,79,87,97,82,75,70,64,50,47,47,47,97,143,158,172,180,180,177,183,188,194,198,201,202,200,210,197,206,204,204,206,201,203,204,204,204,207,204,200,200,186,185,190,194,194,191,190,188,190,190,186,182,180,174,170,165,157,147,135,110,68,43,40,36,38,38,41,52,66,66,64,71,69,65,65,76,93,116,121,121,119
139,138,143,140,142,141,143,143,125,86,78,83,86,85,68,71,57,51,40,47,44,85,137,159,171,178,182,186,189,189,193,200,204,207,208,205,205,205,206,206,205,207,203,210,207,207,206,206,204,206,201,189,188,193,192,199,194,188,191,193,190,189,186,185,179,176,173,161,154,147,135,106,62,41,40,37,32,37,42,50,64,70,64,62,69,68,76,82,111,117,118,123
141,140,142,141,146,145,145,139,92,82,78,82,79,66,66,65,50,49,43,51,81,136,158,172,176,185,188,191,194,194,202,205,206,208,211,213,205,207,205,207,205,206,206,213,206,210,209,208,208,209,207,198,191,193,194,200,196,193,197,193,189,193,191,183,182,183,176,169,165,157,146,130,100,58,39,42,34,32,41,40,59,63,73,60,65,71,77,81,106,118,115,116
141,142,143,143,144,141,147,105,82,81,72,76,64,69,57,51,45,42,47,71,126,156,169,177,186,187,193,198,197,201,204,204,209,214,213,212,210,207,208,210,207,205,209,216,210,214,209,209,208,207,206,205,195,195,197,207,199,199,199,196,193,194,190,188,182,180,183,180,172,162,152,144,127,86,50,37,32,33,34,44,48,57,65,72,65,70,71,87,103,116,117,115
141,145,144,144,143,145,129,89,87,76,76,76,65,53,53,49,44,51,64,122,157,169,178,183,189,190,194,202,200,204,206,203,209,215,213,213,201,213,205,211,212,211,211,213,214,209,211,211,209,206,204,205,197,195,195,200,200,200,200,199,195,195,192,189,187,183,183,182,175,169,156,153,136,117,73,49,36,34,27,31,41,46,54,68,64,65,71,85,103,113,116,118
147,144,146,146,143,143,105,91,88,83,76,71,57,59,49,48,57,66,107,158,168,183,185,191,192,197,198,205,202,204,206,207,211,214,213,213,205,207,211,209,212,212,213,212,211,212,210,211,208,210,208,204,197,196,197,200,202,201,202,200,199,197,193,190,188,192,189,182,176,172,165,156,149,132,108,63,40,35,29,34,37,38,47,67,69,65,70,80,103,110,116,112
146,146,146,138,140,133,101,90,84,76,76,64,57,53,53,53,64,96,156,170,179,187,191,193,195,198,204,201,202,204,209,209,212,211,211,210,211,211,210,209,211,213,213,214,215,212,216,213,209,209,210,205,199,199,197,200,201,200,199,199,201,198,195,191,189,193,189,183,182,177,168,161,159,146,128,88,58,38,36,31,35,40,48,50,69,72,65,67,106,117,119,115
146,146,144,141,127,102,92,82,80,75,68,60,52,52,50,51,70,139,168,174,186,190,193,194,198,199,203,204,207,202,208,212,212,211,211,215,207,209,206,210,211,214,211,216,214,213,213,212,213,212,209,205,200,202,201,198,198,200,200,202,199,197,194,190,192,192,188,182,181,178,171,165,160,151,139,114,73,43,32,35,35,36,43,46,54,70,73,70,101,120,117,118
147,147,145,136,112,96,87,86,84,76,67,55,51,54,59,65,115,167,178,178,189,193,196,196,199,200,204,203,209,208,207,213,213,213,212,214,203,209,208,211,211,211,212,213,215,213,210,212,214,211,211,209,205,207,203,198,198,200,199,203,198,197,194,193,189,189,185,186,184,180,173,168,162,157,148,137,99,58,37,34,35,38,43,56,58,69,78,71,82,116,118,121
148,149,143,124,103,87,94,87,77,70,64,59,53,51,64,78,148,177,183,184,191,197,197,201,203,203,206,205,215,208,211,214,212,209,212,210,204,210,209,208,212,211,211,213,212,212,210,213,212,212,209,208,205,206,205,200,202,201,198,199,199,196,193,190,191,191,188,187,184,182,175,173,169,162,157,145,124,80,43,33,37,39,45,58,60,63,73,80,80,111,118,116
147,148,138,113,90,85,88,77,73,70,63,54,51,55,73,116,164,184,186,185,194,198,198,205,207,204,207,208,211,208,208,212,212,211,211,209,209,208,210,212,212,211,211,212,212,211,211,212,212,211,209,209,207,209,207,206,201,199,197,201,202,199,195,196,195,192,190,186,184,183,176,174,171,164,158,151,139,106,58,40,36,36,42,59,64,70,72,78,83,107,119,119
145,144,124,98,89,87,73,68,77,71,62,55,53,73,81,138,167,182,186,190,198,198,200,206,204,207,206,209,209,210,207,210,213,214,213,211,211,208,213,213,213,208,211,211,215,212,213,212,209,211,213,210,206,209,208,208,203,201,204,203,201,199,195,195,190,192,192,187,183,184,181,176,173,168,162,157,143,127,72,42,36,38,42,57,63,77,72,76,84,98,116,115
148,131,112,94,88,75,69,69,76,67,59,49,58,72,100,147,175,181,187,193,196,201,205,206,206,202,207,212,208,208,213,209,213,211,211,212,214,214,213,212,211,212,213,213,214,210,213,211,208,212,211,211,208,209,206,206,205,205,206,203,202,201,196,197,192,191,189,185,184,185,182,177,177,175,166,164,156,138,98,39,36,37,43,41,65,67,75,74,80,90,110,115
138,128,106,89,83,68,76,84,74,65,65,58,69,75,117,156,173,186,191,193,199,201,204,204,203,204,207,209,209,210,212,211,212,215,210,212,215,214,219,210,215,214,212,216,213,211,214,212,209,212,215,212,210,210,208,211,207,206,206,205,208,201,200,199,197,195,192,186,185,185,184,177,179,173,168,161,157,144,117,73,36,36,40,48,59,69,68,75,76,82,98,112
130,129,98,89,69,68,82,81,73,74,60,63,77,86,127,157,174,195,189,193,199,200,200,203,205,202,207,208,209,212,211,212,216,216,213,213,217,214,218,215,217,219,215,214,216,214,215,214,209,213,216,211,210,210,209,207,209,205,207,204,199,204,202,198,197,196,192,186,187,186,182,181,178,174,170,164,161,152,133,84,49,35,36,42,58,69,70,69,72,77,90,111
130,117,96,80,64,82,85,80,81,68,58,71,76,95,129,158,177,188,189,195,196,197,200,201,206,205,209,211,209,209,213,212,218,214,216,217,219,218,221,219,217,218,215,213,215,214,214,215,212,212,212,212,211,212,210,208,209,199,205,207,203,204,203,200,196,193,193,190,188,186,184,183,177,176,172,166,162,155,139,105,58,45,42,40,54,66,72,69,70,71,78,110
138,111,94,72,76,86,81,82,68,56,71,79,76,99,132,162,182,190,189,197,194,197,196,201,203,207,207,208,209,208,215,214,215,215,215,221,220,222,224,216,220,214,213,213,217,215,219,215,213,212,214,213,214,214,208,209,209,206,209,206,208,208,205,201,198,196,195,194,191,187,186,182,179,175,171,167,163,156,144,112,67,47,38,50,45,63,74,68,63,69,69,104
134,106,80,69,83,75,80,68,64,60,71,82,79,100,136,164,183,186,189,194,192,197,198,199,204,208,204,200,199,199,197,207,212,208,204,214,219,205,216,212,215,212,213,214,214,214,221,218,214,212,215,213,212,213,211,209,207,208,210,212,212,209,204,199,199,204,200,198,195,189,189,187,181,175,172,168,163,157,148,124,78,50,39,45,55,63,75,65,61,59,66,95
128,98,73,79,72,78,76,53,67,71,76,72,78,108,140,169,184,186,193,193,194,197,194,197,193,184,178,175,166,163,164,166,154,152,150,156,158,167,182,198,204,203,205,208,211,212,215,217,215,214,214,213,209,210,205,203,203,204,208,212,209,209,201,200,195,197,195,199,191,190,187,185,181,175,171,165,161,156,148,126,95,63,48,45,57,63,73,75,55,60,65,82
123,92,80,79,77,71,70,64,64,73,67,72,78,109,143,174,185,189,192,189,193,192,202,186,167,159,153,144,145,148,164,134,111,115,111,114,136,150,158,176,203,184,180,195,204,210,211,212,213,211,211,211,209,204,200,198,198,197,195,191,195,200,189,189,182,183,186,182,187,186,180,184,183,179,172,164,160,157,152,134,102,76,63,45,50,71,72,77,53,55,54,69
119,86,82,79,73,77,68,74,53,65,71,68,79,110,144,177,182,191,192,191,190,186,165,149,149,140,131,137,131,115,100,94,104,103,120,124,127,132,136,155,182,170,174,188,202,211,209,211,215,208,208,207,206,200,188,190,197,184,173,168,158,152,154,153,155,156,157,154,161,165,166,168,173,176,170,163,159,156,153,138,106,76,64,57,45,65,77,72,62,52,59,69
106,82,79,78,73,73,62,63,58,56,66,71,82,116,143,182,185,188,188,188,183,162,149,158,147,147,136,143,125,113,112,109,107,112,122,135,132,143,143,159,157,180,168,193,186,208,211,214,212,209,209,207,201,190,184,178,181,166,157,149,138,127,119,116,114,118,120,129,135,144,141,148,155,171,172,160,156,155,151,134,104,78,74,57,46,56,79,75,67,50,53,68
90,85,77,69,69,70,71,63,54,58,60,71,87,117,154,178,188,186,188,185,152,141,164,167,171,168,162,160,163,160,158,147,143,131,136,131,140,145,154,161,155,170,168,197,182,200,210,211,211,207,206,200,194,188,185,172,166,162,148,132,111,100,99,97,96,95,99,101,110,129,129,130,137,149,165,162,157,154,152,135,100,73,64,48,36,55,74,73,65,48,51,66
95,88,77,69,63,73,57,52,54,64,68,76,85,119,164,176,185,185,182,171,155,166,172,175,176,177,178,180,184,182,180,175,171,164,155,148,148,151,155,157,159,171,170,189,183,193,203,209,210,209,203,199,193,183,176,166,161,151,135,121,109,100,100,96,91,94,96,96,98,109,120,126,127,125,135,150,154,152,150,137,100,69,52,44,45,52,66,73,64,51,47,63
122,90,72,58,65,66,52,47,55,65,71,78,89,120,169,179,187,184,180,161,162,173,177,178,177,178,182,177,180,183,183,182,176,167,159,153,142,144,149,154,162,162,169,177,182,190,202,208,212,207,204,197,191,177,172,165,153,146,137,127,131,123,118,126,137,141,136,142,138,129,128,135,135,133,128,135,148,150,149,140,104,75,57,38,46,50,55,63,62,53,45,64
140,90,68,60,61,66,51,45,58,60,63,78,89,121,180,181,185,184,179,161,166,178,180,176,174,172,175,171,172,180,180,179,169,159,152,144,141,145,144,145,151,156,161,170,185,185,197,206,214,208,205,194,180,166,160,154,146,143,137,136,133,138,148,152,159,159,161,163,164,154,155,149,147,141,135,130,137,147,146,139,108,77,52,36,44,49,51,59,56,50,45,64
144,90,66,60,64,54,48,48,52,61,70,79,87,118,178,183,184,187,179,167,182,184,177,169,170,169,169,165,167,170,175,178,173,167,161,141,136,129,133,135,145,149,155,164,172,179,193,204,207,210,201,190,173,158,151,143,138,138,131,134,136,146,149,157,161,163,164,161,158,159,159,156,154,153,146,130,131,142,145,147,105,75,53,38,38,44,46,60,53,48,43,64
137,93,65,63,50,41,38,45,56,63,70,82,89,111,184,184,187,190,176,176,185,179,172,165,167,160,153,165,182,189,173,174,183,168,160,152,143,132,128,129,136,140,148,158,165,175,189,201,209,212,200,182,164,151,139,136,132,131,129,127,131,130,143,151,155,157,162,156,156,155,151,156,154,154,147,138,128,144,146,146,104,77,51,48,35,43,43,46,50,44,42,63
146,79,70,58,47,42,40,52,68,71,75,77,92,122,191,184,189,185,178,183,178,176,166,165,152,152,162,163,120,102,75,86,86,98,109,142,141,131,131,135,137,139,146,151,163,170,185,199,208,211,199,179,161,143,134,131,126,122,125,131,140,153,162,174,174,167,164,158,151,149,146,146,144,147,147,147,134,144,148,138,112,74,48,43,39,37,37,39,40,45,44,78
149,89,67,56,47,38,40,61,87,75,77,80,89,124,190,188,189,181,184,183,178,171,163,147,146,149,118,101,109,84,70,172,61,98,96,108,110,121,127,135,154,146,147,149,158,168,181,200,208,208,200,182,153,136,133,121,127,136,135,131,134,126,118,103,117,130,148,152,158,149,140,140,139,143,150,149,143,144,147,141,108,70,47,40,30,30,45,38,40,42,53,101
156,110,70,56,43,46,43,58,89,83,82,83,83,137,190,186,185,186,185,184,178,171,153,143,130,102,98,154,172,101,101,79,88,116,116,206,158,131,119,132,159,157,158,155,158,170,181,199,207,203,200,187,152,136,136,123,143,139,120,115,121,83,72,123,92,70,74,100,130,145,142,129,134,138,147,146,149,147,147,147,104,67,54,34,27,28,31,32,33,43,65,111
156,139,64,54,47,48,39,52,95,97,81,83,79,148,184,187,186,184,184,186,177,166,153,130,108,114,119,162,196,146,110,103,99,123,167,202,165,148,138,133,159,170,171,157,161,171,181,194,210,203,198,193,162,136,140,141,139,120,131,156,183,119,98,99,79,89,91,108,98,98,119,123,129,140,145,152,150,148,147,140,105,67,43,44,27,31,30,36,35,48,72,115
156,158,69,58,48,51,41,42,105,120,78,86,80,162,186,189,178,182,186,189,181,162,148,144,141,143,149,140,147,161,149,143,133,156,157,149,143,146,150,169,171,173,174,155,163,174,186,196,205,201,195,200,178,137,145,151,136,118,157,165,185,142,110,95,90,96,109,148,139,102,90,108,126,139,144,150,151,150,144,145,98,67,54,41,25,27,29,37,42,49,86,122
159,160,84,57,54,62,52,52,98,159,94,82,76,170,189,187,174,186,187,190,182,172,167,164,161,162,163,156,157,153,155,166,162,161,156,161,155,162,171,183,183,172,169,163,175,176,189,200,200,200,196,193,184,147,146,152,151,145,141,142,149,153,137,121,114,118,148,157,144,118,95,96,113,130,144,149,152,151,151,138,100,67,50,38,35,29,32,34,41,54,97,123
161,168,98,64,53,57,52,46,108,168,131,80,80,183,187,187,180,187,188,188,186,182,181,176,174,170,172,173,164,166,166,163,160,158,165,170,169,170,169,178,175,168,171,166,176,177,192,202,203,202,198,194,191,166,147,148,151,151,148,150,145,149,149,144,145,143,139,129,134,135,123,114,109,123,139,152,154,151,147,140,101,65,47,39,34,30,27,37,35,68,110,125
157,161,131,70,56,59,50,44,144,156,176,77,84,197,188,188,183,189,189,189,185,188,188,185,183,181,181,181,183,181,187,191,190,200,185,174,171,172,179,175,174,173,176,176,180,175,192,204,206,203,199,199,194,172,153,145,152,150,154,150,148,149,149,145,143,142,141,145,147,146,139,139,140,137,142,155,158,156,149,138,98,71,53,40,30,31,30,38,41,78,116,123
168,165,159,80,68,60,62,36,171,148,199,68,104,197,190,189,188,187,185,191,193,194,196,195,189,189,180,189,188,188,189,192,190,181,179,176,175,177,176,170,183,178,173,177,183,185,194,203,207,207,204,199,197,175,156,148,153,155,158,157,158,157,156,159,158,153,153,158,152,149,151,148,155,157,156,157,159,156,153,136,101,67,58,43,35,32,32,31,54,98,121,127
170,166,175,102,69,64,60,42,181,177,197,69,108,195,187,187,189,191,192,196,199,195,199,202,198,195,193,190,193,188,185,187,189,187,183,179,180,178,180,190,185,183,180,180,182,187,194,200,202,203,202,199,195,181,161,155,157,158,156,159,160,159,161,162,163,164,164,162,159,159,159,159,158,166,162,161,163,155,145,143,101,69,55,37,39,35,39,42,77,106,120,123
171,171,181,128,85,71,67,34,163,213,175,73,116,195,187,183,188,190,194,196,202,201,201,204,197,195,189,193,192,192,188,187,189,186,183,190,189,192,193,192,187,179,182,180,181,189,194,197,201,205,204,197,195,181,165,156,158,164,164,163,165,163,163,161,163,166,167,167,162,162,162,163,164,168,168,164,161,154,147,145,96,72,50,30,36,34,38,54,102,112,115,121
173,177,181,156,94,73,62,55,120,231,148,79,129,195,187,185,184,189,198,194,199,196,203,201,199,194,193,192,192,184,187,188,188,195,193,192,194,196,198,193,193,190,179,176,187,190,193,195,202,203,206,195,190,181,170,158,161,168,169,169,168,169,168,168,168,168,169,167,170,173,172,171,172,172,173,167,158,154,147,142,96,74,46,32,34,38,44,82,112,115,116,119
179,178,178,173,120,78,65,58,83,222,134,80,145,194,184,189,187,191,194,195,201,201,202,203,201,194,198,197,198,195,198,200,198,197,196,196,199,202,203,202,193,190,176,177,187,193,198,198,201,204,205,200,195,186,176,157,160,169,173,176,178,174,174,172,171,172,171,173,173,174,177,179,175,174,174,169,161,153,144,136,103,82,55,29,33,43,61,98,115,119,120,120
189,176,173,186,128,75,67,59,66,205,131,90,145,189,186,189,188,193,191,196,201,203,199,205,205,203,204,204,199,203,204,201,204,200,200,205,206,206,206,201,192,181,175,177,186,193,197,204,205,205,204,203,198,190,179,166,153,164,171,178,182,178,180,177,176,176,176,171,173,175,177,179,179,177,170,166,162,151,143,135,97,83,56,38,37,46,76,104,116,119,116,122
191,194,187,183,133,74,63,62,41,217,131,101,145,186,184,189,192,195,194,200,201,201,198,207,205,207,204,204,207,202,204,205,209,206,204,208,210,204,203,194,182,171,170,180,190,195,198,205,206,207,208,208,199,193,185,171,150,156,167,180,186,186,182,177,180,184,182,178,178,182,181,181,177,174,172,165,159,151,144,132,101,82,54,37,37,57,87,112,113,116,117,118
203,196,198,201,139,79,65,65,40,194,154,104,148,179,183,189,192,195,197,201,204,202,209,206,207,207,207,207,207,206,207,208,209,211,207,206,203,195,192,181,177,176,180,186,194,199,201,209,210,211,209,206,202,193,187,177,155,153,164,180,185,187,185,186,187,186,187,183,179,181,181,182,179,172,171,166,157,152,144,134,93,82,53,32,42,65,96,118,118,116,118,120
230,204,213,229,142,90,74,68,43,163,148,116,139,189,185,187,191,193,196,205,202,206,208,202,206,204,206,207,210,211,213,211,208,211,207,201,194,186,182,177,185,187,187,189,198,198,202,211,213,213,208,204,199,190,186,178,165,159,160,170,183,188,188,185,184,184,183,182,185,185,187,182,178,173,172,167,162,151,146,131,89,72,51,36,48,73,106,121,119,118,117,122
229,219,223,234,204,61,73,66,64,115,156,117,142,170,181,188,196,186,199,205,197,205,204,199,209,211,207,208,212,207,201,209,207,206,196,190,187,184,179,186,189,192,188,183,188,193,203,211,222,223,211,205,196,189,177,173,169,158,163,163,176,183,185,190,189,184,185,189,181,182,183,181,180,174,171,165,161,150,143,124,91,71,49,39,51,81,113,119,118,114,117,123
235,216,222,233,248,58,75,73,70,91,176,99,140,167,182,186,194,191,197,200,204,206,204,200,209,209,209,209,209,209,191,206,204,194,183,183,187,184,174,184,188,189,181,172,167,177,188,211,227,214,206,193,188,176,163,156,161,164,167,162,165,175,179,188,186,185,187,185,182,183,180,173,179,176,167,163,163,152,141,121,92,69,48,39,66,91,116,121,112,114,116,123
209,233,227,227,241,71,71,68,75,58,168,110,133,167,184,185,192,193,197,198,200,203,208,208,207,206,208,210,208,208,207,198,192,183,182,184,188,186,178,170,179,174,166,152,154,160,176,183,197,196,192,184,177,159,144,148,160,163,167,164,154,162,174,180,183,181,187,184,181,181,181,178,176,175,169,162,162,151,141,117,86,64,50,50,68,98,118,117,118,117,120,123
219,236,234,240,252,116,86,65,65,94,146,118,133,164,175,184,190,187,194,198,194,200,208,205,207,209,208,206,207,203,198,194,187,179,180,186,192,195,188,164,154,137,121,104,95,128,155,167,174,182,178,169,152,133,121,138,146,155,161,158,149,153,168,175,176,182,182,182,182,181,179,181,175,175,171,162,160,155,139,105,81,64,51,57,78,103,112,116,118,122,118,123
242,235,233,232,245,200,93,76,67,124,153,109,133,154,171,183,184,184,188,195,190,201,205,205,203,206,205,201,198,199,194,184,180,179,183,193,194,193,191,167,140,128,131,131,139,144,148,158,159,164,158,151,123,100,91,104,120,130,142,144,144,153,161,168,174,180,180,180,181,181,179,179,174,172,169,161,157,154,137,101,76,58,44,55,80,105,114,115,115,122,122,119
233,236,233,227,236,248,114,82,73,135,156,111,126,149,176,181,185,178,182,187,192,196,198,207,204,199,198,199,188,191,184,173,174,180,185,188,195,187,183,170,156,140,128,136,144,155,157,150,146,144,141,133,128,125,117,114,107,113,126,139,150,158,161,166,169,174,175,179,178,180,178,176,173,170,166,160,153,149,131,92,76,55,50,56,82,106,110,115,118,120,119,116
212,241,235,232,236,246,156,68,75,86,162,116,125,144,164,180,172,181,178,188,189,191,194,198,194,198,193,192,184,182,173,167,180,176,177,179,185,178,172,167,148,126,124,136,149,151,155,152,132,130,128,133,134,132,120,116,108,115,132,148,156,161,162,164,166,171,175,176,178,177,176,172,171,165,164,160,155,145,121,97,77,62,45,65,90,108,116,116,119,120,117,117
225,238,235,235,234,244,217,62,77,70,87,105,119,139,162,161,173,167,184,186,197,192,192,190,193,193,184,182,173,170,165,164,169,164,165,173,170,172,158,150,146,132,127,131,144,150,150,153,146,145,142,136,130,127,118,110,105,115,124,141,153,155,157,159,157,165,168,176,173,171,173,172,162,164,163,157,151,140,118,93,75,56,55,68,98,112,114,116,113,115,119,118
233,236,234,235,236,236,251,104,75,75,75,97,116,142,157,159,162,162,175,187,188,190,184,188,190,189,183,170,163,150,154,156,159,163,157,157,151,157,137,140,148,139,137,138,140,147,150,151,148,147,143,132,131,119,111,103,112,121,122,130,135,140,136,139,145,156,161,164,170,175,169,167,168,164,159,155,146,135,113,86,77,62,62,83,104,114,116,118,117,117,117,120
235,235,232,235,237,236,245,153,77,78,75,100,119,144,151,167,163,164,165,180,176,177,187,182,186,186,169,169,148,137,150,139,141,146,149,142,146,154,148,131,138,135,133,134,154,149,149,147,151,148,146,139,130,122,114,108,114,117,118,124,128,133,129,132,135,145,155,161,169,168,168,164,164,162,158,151,139,130,109,88,74,59,74,97,112,116,120,119,116,119,119,117
236,233,233,235,236,236,241,191,149,100,80,98,119,139,139,166,163,168,155,157,171,181,183,185,183,175,171,156,135,133,136,135,136,141,146,145,151,153,153,143,152,151,144,146,170,167,147,146,158,152,143,144,138,138,135,134,128,130,120,123,118,127,125,121,121,130,150,158,160,163,162,163,164,161,155,144,134,124,103,85,71,73,87,109,113,116,119,121,119,120,119,113
234,234,233,235,236,236,236,230,245,126,74,100,120,134,149,153,164,161,156,169,174,179,180,181,177,175,160,136,138,139,138,141,142,148,157,155,153,144,152,161,168,173,167,180,189,179,160,150,163,152,152,159,166,161,157,151,151,140,133,128,125,123,122,117,113,125,140,156,166,166,165,165,163,157,146,136,127,115,95,81,67,83,97,113,115,116,117,124,124,121,119,116
236,235,233,235,237,234,233,226,235,129,80,94,117,133,155,150,154,161,159,155,169,180,182,176,183,178,144,136,147,137,137,144,146,153,165,165,166,166,174,175,175,185,189,193,192,182,177,171,171,170,168,178,181,176,170,164,161,161,152,146,138,126,126,114,104,124,131,144,160,162,165,163,159,152,141,132,120,103,85,74,73,91,107,113,115,114,114,124,124,121,122,122
234,235,234,236,235,234,235,239,208,111,84,94,106,131,151,149,142,164,154,155,168,178,174,174,185,172,145,137,132,129,137,138,153,158,161,168,170,172,179,176,178,181,184,182,192,189,195,191,191,190,192,186,182,180,173,177,177,165,162,156,149,145,139,127,112,118,127,133,157,165,164,161,160,150,138,127,113,99,83,76,85,99,111,112,117,118,112,120,123,123,120,118
233,235,234,234,235,234,243,236,174,143,87,91,107,128,157,138,151,152,149,161,158,166,169,174,190,171,154,133,118,129,135,119,135,156,155,159,157,152,153,142,134,134,132,137,137,150,155,163,171,169,159,154,154,157,154,157,159,159,156,153,153,149,145,134,126,128,129,133,151,164,165,162,155,141,130,121,116,100,83,74,91,103,105,114,118,119,116,118,123,121,120,117
234,233,232,236,234,212,168,143,166,196,81,82,106,133,145,135,152,146,146,150,151,158,165,167,182,176,160,144,127,133,162,147,128,112,115,117,132,128,136,170,140,158,183,143,150,127,120,134,129,127,121,121,125,131,134,122,122,131,134,147,145,145,141,137,132,131,128,133,151,158,157,157,149,136,129,119,114,103,82,69,88,101,102,117,117,116,118,117,123,124,119,116
235,232,233,233,233,239,246,212,151,139,86,75,85,113,139,141,143,150,147,149,152,159,166,167,176,179,170,165,148,145,166,172,164,142,113,97,113,127,158,181,163,204,224,167,208,246,199,137,139,140,142,153,142,155,150,135,139,118,100,113,130,127,130,132,130,125,130,139,145,156,150,146,143,130,115,112,109,96,75,61,77,92,105,113,120,122,122,118,119,121,121,112
235,233,234,234,232,235,234,239,209,115,90,77,88,98,130,139,135,147,140,138,142,153,166,163,173,176,173,179,155,162,170,174,175,164,140,133,127,125,130,151,153,206,236,173,210,212,212,174,210,206,195,199,151,181,174,143,165,132,93,84,103,117,122,128,126,125,129,135,152,154,148,141,133,119,107,110,102,88,73,56,79,95,106,113,115,122,119,116,116,122,125,119
234,233,236,233,231,234,233,234,221,185,134,114,88,89,113,137,138,133,138,134,132,150,153,163,165,175,173,171,161,169,175,178,178,169,158,148,138,142,135,129,114,159,177,160,199,216,210,188,208,210,199,184,147,189,179,121,158,125,93,87,100,115,130,133,129,130,129,139,151,155,146,137,125,114,102,104,93,82,57,54,86,100,112,118,118,118,119,117,116,122,123,125
233,235,234,229,234,236,234,233,221,198,190,132,87,86,104,125,134,139,138,139,140,140,143,153,163,168,167,165,156,173,179,184,179,166,168,159,146,151,151,147,139,123,118,131,149,161,159,148,168,173,169,153,117,122,138,95,106,116,107,107,117,135,143,140,136,133,138,145,152,149,147,135,118,108,105,99,83,72,52,54,84,106,112,118,119,116,120,117,118,120,121,125
232,235,234,228,232,237,232,235,242,217,175,121,92,79,100,114,134,136,129,141,136,134,141,146,156,163,163,162,143,166,179,183,179,173,169,166,157,151,154,155,154,154,148,143,140,140,128,129,124,118,123,130,120,127,126,124,124,128,129,125,123,141,149,155,146,148,146,148,147,145,139,126,117,101,102,100,83,65,43,55,87,112,115,115,115,117,118,116,117,115,122,123
234,234,234,233,232,233,235,236,234,238,243,229,189,181,111,104,122,128,122,131,131,133,131,141,139,156,157,146,139,152,172,178,180,175,170,167,168,163,157,155,157,164,164,161,157,153,145,146,143,138,139,139,134,136,139,141,140,137,134,134,138,143,156,158,152,154,156,148,144,136,128,117,103,95,100,93,78,57,45,54,92,109,114,117,112,115,121,119,116,115,120,122
234,234,236,234,232,234,238,236,234,236,233,234,234,238,169,100,111,119,116,119,123,132,130,137,140,148,141,135,136,144,158,174,180,176,174,171,170,170,165,162,160,159,159,169,166,159,156,157,155,152,155,153,151,145,144,143,135,136,135,134,141,150,156,158,154,152,151,148,137,126,115,103,100,92,90,92,77,68,63,72,96,115,111,114,114,119,112,115,114,112,117,119
234,236,234,232,234,236,233,232,233,237,236,226,219,239,225,97,103,115,106,116,120,120,127,132,146,142,135,130,127,127,133,165,176,176,172,173,172,166,165,168,170,170,169,162,158,153,159,156,151,153,152,148,147,139,143,136,135,140,139,144,149,153,155,157,148,140,140,137,132,120,111,97,92,86,83,82,78,83,91,98,102,108,110,105,113,112,106,111,111,111,117,109
229,234,233,233,232,234,230,227,235,233,237,230,210,239,238,128,90,99,98,109,110,110,116,137,139,135,127,124,113,107,128,156,172,177,171,171,170,166,161,163,163,166,166,164,160,157,156,152,150,145,147,147,147,145,141,144,144,146,143,141,148,154,155,144,143,131,131,131,127,119,101,85,87,83,79,81,77,92,97,99,101,107,109,108,108,108,108,111,107,110,116,113
233,236,239,217,237,238,220,224,233,237,230,231,214,232,244,156,103,93,101,104,103,113,129,139,132,127,123,119,118,122,138,148,167,169,166,171,170,168,160,152,150,151,153,155,153,149,150,153,148,154,150,148,152,152,146,148,146,146,146,149,153,151,151,142,135,123,114,124,122,111,95,84,79,76,78,76,80,95,105,102,107,107,111,108,102,106,108,111,108,108,108,111
240,220,241,213,233,242,198,237,235,237,234,227,206,234,238,195,114,93,93,97,103,111,123,126,120,124,118,120,129,133,131,146,149,158,160,164,164,169,170,152,139,132,138,136,130,130,134,134,132,133,134,140,138,138,138,145,148,150,152,150,150,147,145,141,130,122,107,114,124,105,88,81,79,73,73,71,85,102,102,104,106,112,110,105,108,108,108,108,108,109,106,109
236,233,234,229,222,240,202,240,235,235,235,217,205,238,232,219,129,95,89,97,103,118,111,115,119,125,112,113,123,120,127,142,149,152,154,155,157,172,174,162,152,140,136,132,121,123,124,128,123,119,121,129,130,130,136,144,151,155,152,149,147,143,137,134,123,114,103,98,101,91,86,85,79,71,73,68,86,103,104,101,105,112,109,105,106,109,107,108,109,107,104,109
231,232,233,226,204,240,229,233,233,235,240,215,199,236,213,217,152,116,97,91,101,118,115,119,121,115,111,112,119,122,133,138,147,153,153,155,154,168,165,171,167,153,143,129,114,112,107,114,107,112,111,125,130,136,145,150,152,154,146,141,143,136,127,118,108,104,97,91,91,91,87,81,80,70,74,74,89,102,101,106,106,107,108,105,103,106,104,107,105,104,105,108
228,221,232,211,197,241,228,225,233,230,237,225,185,232,215,216,163,120,104,88,90,107,118,115,117,115,112,104,115,119,131,135,152,163,153,165,163,163,164,165,163,159,151,132,120,109,96,92,94,105,108,123,134,148,154,153,152,145,142,142,139,129,117,110,98,97,94,87,85,87,88,82,74,73,76,79,96,99,100,105,105,106,105,102,104,104,105,104,103,102,102,108
213,229,234,207,199,241,209,230,234,231,234,229,176,233,215,222,218,117,114,92,84,100,106,122,116,108,95,94,98,113,120,141,148,149,150,160,163,163,164,167,165,161,157,148,140,122,118,110,105,114,121,132,140,149,151,152,147,146,148,138,127,128,119,106,95,95,90,84,83,83,82,79,71,78,76,85,93,100,101,102,103,104,104,101,105,103,107,101,100,98,102,105
220,230,235,220,224,227,217,233,238,231,231,231,189,217,212,211,208,131,124,102,88,92,106,114,120,108,97,90,93,104,118,130,140,146,152,156,160,161,162,165,163,160,153,156,155,147,142,142,138,138,134,144,151,151,151,151,149,146,140,133,124,122,115,107,87,83,80,80,79,85,85,68,73,78,79,87,95,96,99,100,102,100,104,96,102,101,107,102,99,99,96,101
231,231,234,228,209,227,224,236,226,221,232,224,200,204,218,216,199,148,133,122,96,84,90,110,120,118,113,101,90,98,109,125,137,137,145,144,143,152,162,159,167,162,163,162,157,158,154,152,152,153,149,147,145,152,151,146,141,141,131,131,120,111,106,95,80,78,74,79,84,82,74,75,71,82,83,86,87,100,95,94,101,97,102,93,95,101,101,96,99,100,98,101
227,230,228,230,205,224,220,223,225,217,224,210,215,207,214,212,216,153,131,125,106,88,80,101,117,117,115,105,92,97,101,112,118,129,132,137,145,135,156,155,156,158,158,162,155,161,159,159,156,158,158,150,145,150,150,139,134,137,133,125,116,106,99,89,78,69,71,82,80,78,65,69,81,87,84,86,91,90,92,93,97,94,94,91,93,97,97,95,94,95,90,96
223,219,228,221,207,222,216,211,218,217,214,209,215,198,207,208,207,161,142,138,110,103,89,83,98,110,111,100,92,85,91,95,109,123,120,139,142,141,146,151,145,151,157,164,150,157,157,159,156,154,156,151,149,143,141,133,134,130,122,117,110,99,90,84,72,64,77,81,80,66,65,74,84,88,81,76,86,88,91,88,92,93,91,91,92,94,91,94,94,85,87,92
213,206,220,214,219,220,212,211,214,207,210,199,203,178,197,201,178,150,143,148,122,119,103,83,88,102,111,107,96,87,85,90,105,116,122,131,141,134,140,135,146,150,148,150,146,155,152,152,153,147,151,147,147,140,134,123,119,128,117,110,101,93,82,69,62,70,76,76,69,71,73,79,84,90,72,42,59,80,85,87,89,88,91,88,91,92,91,89,84,84,86,86
206,201,204,216,213,214,208,206,206,204,207,194,205,183,157,116,84,100,147,144,126,121,118,107,89,88,107,107,98,90,84,85,93,97,110,124,144,132,126,128,140,153,144,145,152,147,146,147,150,147,145,143,141,131,122,120,112,113,111,98,88,78,74,61,67,78,73,79,61,67,80,85,91,94,80,49,41,53,77,82,85,89,84,93,88,94,89,90,84,86,88,87
205,203,199,211,212,222,196,204,197,197,200,191,184,129,85,57,50,80,155,143,134,121,109,115,111,85,87,97,101,99,89,81,86,89,97,114,116,115,117,128,126,136,146,143,137,138,140,135,139,144,140,135,130,127,113,111,109,111,102,90,86,75,70,68,71,76,73,58,62,78,86,97,100,106,80,48,35,30,47,54,45,54,64,74,84,90,91,89,85,81,83,85
192,205,194,201,204,216,194,196,187,186,204,192,135,86,54,44,43,81,156,143,136,133,118,117,129,117,92,81,93,105,101,92,80,81,89,93,99,100,106,123,108,119,130,126,125,133,131,122,131,128,126,125,123,120,113,108,99,88,90,82,79,65,65,73,78,65,66,67,75,80,89,106,111,105,78,49,40,36,32,39,33,28,32,35,61,79,86,85,89,84,83,82
194,194,189,188,191,209,197,198,194,183,185,145,81,57,37,41,42,76,151,146,140,146,129,126,125,125,120,90,84,95,102,96,82,82,81,80,82,83,98,94,94,98,108,104,113,112,110,115,113,120,115,115,111,105,95,92,88,71,75,71,70,72,78,76,67,54,57,75,85,94,100,116,111,109,79,52,45,37,31,41,40,24,29,26,33,54,73,83,85,86,82,82
200,188,185,191,189,196,188,169,132,109,86,80,69,43,36,41,58,111,147,146,151,153,136,129,126,123,126,117,95,78,91,96,96,88,87,80,70,78,74,86,87,81,82,87,88,97,95,105,104,104,103,95,91,91,87,80,74,67,66,68,76,77,81,70,68,69,78,86,94,100,109,105,111,111,81,40,36,36,29,30,34,39,35,25,26,24,37,51,51,64,76,80
195,184,184,188,180,130,84,73,68,65,74,71,56,40,44,76,108,136,145,147,145,150,141,135,131,125,129,128,130,101,85,87,88,88,91,83,72,62,63,74,78,75,79,85,83,83,83,85,85,89,81,76,76,74,73,69,68,66,62,69,77,77,71,64,70,76,91,92,109,114,108,109,115,104,62,40,48,38,31,31,34,34,38,33,26,30,25,33,32,34,31,46
188,182,178,175,141,86,60,64,64,68,74,65,47,48,81,110,137,141,147,149,146,142,143,139,137,131,127,123,121,116,93,78,80,81,87,84,70,68,65,62,63,59,70,72,76,74,73,70,73,68,71,65,68,64,65,69,62,76,75,70,69,65,62,73,82,85,100,109,123,117,112,115,119,86,48,38,39,34,28,29,27,36,40,31,33,21,26,26,29,28,29,27
187,166,140,108,86,58,55,59,58,68,69,65,53,71,103,131,140,146,147,149,148,147,143,138,135,141,131,130,124,127,129,105,88,79,78,84,84,75,79,69,66,71,66,67,73,71,65,66,67,65,68,65,72,65,63,72,66,74,77,62,54,65,82,86,85,99,110,120,119,120,119,123,105,61,42,35,35,33,28,27,31,34,37,32,32,28,25,19,36,27,25,31
125,93,78,75,71,47,52,57,60,70,67,55,51,81,120,138,146,147,144,148,148,140,142,140,136,140,137,132,134,122,119,124,121,98,80,76,76,77,76,78,81,76,69,75,78,67,76,74,65,71,67,67,65,61,63,70,68,64,64,60,73,89,90,96,106,118,116,117,125,126,119,116,73,46,37,43,39,36,30,32,32,27,36,30,28,26,21,23,31,31,30,22
69,67,66,63,61,46,46,53,62,70,57,52,62,91,123,140,146,148,141,147,154,145,147,144,144,137,135,131,132,134,126,128,124,121,110,85,72,67,72,74,77,78,83,84,82,67,75,71,73,75,74,72,63,63,55,56,65,56,71,86,91,98,102,113,124,122,117,120,123,124,112,86,57,46,37,38,37,32,32,36,27,30,31,36,30,22,23,24,22,30,30,27
60,52,52,59,64,41,37,49,56,68,63,52,75,98,126,139,149,149,142,145,156,154,152,150,147,144,140,129,132,133,128,129,128,123,124,120,98,83,71,64,67,73,74,75,77,71,66,70,69,63,69,61,53,51,53,52,71,80,93,103,102,98,111,124,126,122,125,123,123,115,88,63,46,35,32,41,29,33,26,32,30,28,32,36,27,23,29,26,25,28,30,21
56,56,50,56,52,43,36,46,50,63,63,58,79,96,125,135,148,148,142,146,152,154,156,157,154,154,147,137,138,128,127,131,126,129,134,133,133,117,100,89,72,77,63,57,61,56,58,53,53,50,53,49,57,66,75,93,99,98,105,109,111,115,126,125,116,122,126,122,112,96,66,44,37,36,32,36,30,31,27,27,23,28,33,30,22,24,22,24,20,27,27,25
