121,148,142,141,139,138,140,140,137,144,143,142,140,137,133,118,107,94,83,81,77,85,86,82,81,83,82,82,79,74,74,79,72,74,74,73,77,82,84,73,70,71,60,60,57,51,42,48,45,42,49,61,51,54,63,78,73,79,78,61,69,79,75,81,86,85,99,97,93,83,84,85,84,88,100,103,109,112,117,134,138,140,142,138,132,135,137,133,132,134,135,134
139,149,148,142,138,143,142,144,144,143,143,137,137,134,119,97,95,87,84,86,83,79,81,81,80,84,91,86,83,73,77,68,75,79,83,79,82,79,80,78,78,75,69,60,63,66,54,53,44,43,46,42,51,69,73,72,66,57,68,66,64,64,71,74,86,81,81,93,99,98,94,90,93,86,88,99,110,114,115,118,130,131,132,140,133,131,138,136,140,138,136,132
133,147,146,139,142,139,140,142,147,139,137,131,124,102,86,89,89,81,81,86,81,80,79,77,80,79,80,80,78,81,73,84,84,82,73,82,85,86,78,73,70,67,59,58,62,65,48,45,53,49,45,50,51,50,53,44,58,60,58,61,62,72,76,74,67,73,78,75,76,87,92,85,88,88,88,92,95,105,116,117,111,122,124,134,135,131,132,135,136,139,137,136
130,145,148,141,142,142,139,143,141,140,131,123,106,91,96,86,88,79,80,83,80,79,76,75,81,81,80,80,80,82,80,77,76,83,85,81,79,76,70,65,62,60,68,71,64,53,60,61,51,46,52,45,48,51,54,53,52,53,56,51,57,63,68,74,77,77,79,76,77,80,83,78,84,84,83,84,85,88,87,103,109,108,120,126,129,135,131,134,136,139,139,130
138,148,144,142,143,143,141,140,145,139,124,102,99,98,87,85,75,84,80,76,79,87,82,75,77,83,81,85,79,83,78,82,78,78,79,81,78,75,68,70,71,73,63,67,57,55,62,65,54,53,47,53,56,54,50,49,40,37,37,42,47,57,58,66,71,67,72,80,76,71,67,77,86,84,85,80,77,81,87,88,91,99,114,116,119,128,131,136,138,139,138,139
142,153,143,138,140,142,142,144,138,120,102,105,99,93,82,81,79,79,83,82,80,83,80,77,81,85,86,82,86,87,86,79,81,84,74,67,66,62,73,74,77,77,63,54,57,56,67,65,67,64,53,48,57,48,49,39,40,39,35,39,40,43,50,55,64,67,75,61,68,72,72,64,77,78,86,84,80,78,76,77,86,89,105,113,114,116,127,137,135,138,141,139
144,149,145,146,140,146,145,145,125,105,101,105,96,84,80,80,80,81,83,80,81,85,80,84,80,85,87,89,83,83,88,80,77,65,56,65,59,68,73,69,69,69,62,52,64,60,63,70,79,73,66,68,71,58,50,46,46,45,42,40,43,41,44,47,43,61,62,65,72,59,56,68,61,64,71,89,94,89,84,81,79,82,88,91,103,110,122,131,136,137,142,136
149,150,148,148,144,147,148,127,102,107,102,97,86,83,86,80,81,87,85,84,77,80,87,81,85,85,81,86,81,81,75,63,55,63,72,69,66,74,68,66,72,63,63,62,68,65,76,79,77,77,75,76,81,70,59,44,48,48,41,43,40,43,56,64,74,82,78,69,64,76,76,72,70,68,77,68,86,88,76,79,73,81,78,85,88,96,117,127,134,137,142,137
155,151,145,146,144,152,141,117,120,104,101,91,90,87,88,88,85,88,79,85,87,83,79,83,88,92,89,83,77,72,72,73,64,70,70,81,80,68,73,69,69,74,65,72,72,75,74,78,78,86,84,87,89,78,66,54,60,47,51,47,43,44,54,60,54,79,81,82,81,78,64,65,72,73,72,68,63,80,81,83,86,79,78,85,86,89,102,123,136,138,141,138
154,151,142,144,147,144,121,121,120,112,100,94,93,90,83,87,87,85,85,86,80,79,80,90,95,89,86,80,78,71,80,81,78,81,72,83,74,71,58,65,73,75,76,79,77,79,75,77,79,78,76,96,89,82,74,75,63,57,53,53,44,40,44,46,44,58,74,78,79,75,77,72,67,59,71,74,73,61,82,84,82,88,79,82,77,77,80,112,128,132,134,132
158,150,146,148,142,133,131,124,107,97,91,94,95,84,81,95,92,83,85,80,86,85,90,90,92,93,86,87,88,88,84,77,75,64,72,81,70,78,74,73,72,73,74,77,77,78,78,86,84,90,83,108,99,93,85,76,74,61,58,58,46,42,43,45,60,59,57,62,66,73,66,56,72,62,59,63,65,69,78,85,88,86,80,81,83,82,82,90,122,133,135,132
156,145,147,148,148,129,121,106,93,93,89,96,88,87,100,100,90,89,88,83,95,93,90,91,102,92,91,85,83,78,86,80,88,93,86,78,80,81,80,83,81,85,76,77,80,75,79,85,81,90,96,99,93,96,91,84,75,71,59,50,64,41,44,53,51,62,61,72,68,68,74,71,74,64,66,62,62,74,69,75,80,84,82,83,81,86,85,99,120,130,134,131
157,150,147,146,132,118,95,92,88,88,98,96,93,96,100,89,89,92,88,88,95,91,106,96,92,91,88,89,87,85,92,93,91,87,87,81,75,83,87,83,80,82,80,79,89,90,94,85,88,89,94,99,94,94,90,86,83,78,73,60,59,64,51,56,50,57,69,70,73,79,75,79,78,75,82,69,72,71,67,72,79,81,82,80,83,84,78,94,112,130,132,139
159,152,149,137,123,94,88,85,85,88,97,93,88,99,89,90,93,90,91,97,107,101,89,88,90,88,89,89,93,86,87,92,91,91,93,82,91,90,87,84,88,85,82,82,91,92,91,89,88,89,92,91,91,99,96,100,93,88,80,77,66,73,72,63,62,66,72,74,86,83,83,80,74,71,72,80,76,74,72,73,74,80,79,80,82,83,82,87,115,129,128,132
155,152,145,121,112,85,84,83,83,91,88,82,88,81,80,90,87,84,94,107,97,84,79,83,85,80,89,90,89,96,94,94,93,98,99,97,92,95,89,84,80,78,80,83,88,85,95,98,100,101,99,107,95,95,98,101,100,95,89,79,76,76,77,81,75,75,77,77,76,76,74,75,70,68,67,69,60,70,70,67,76,77,75,82,82,81,81,87,87,109,133,137
156,150,132,112,90,83,85,83,80,84,80,84,89,76,81,91,86,94,102,92,79,80,82,85,87,89,100,103,109,109,104,105,102,98,99,105,94,96,89,94,87,83,93,90,93,106,94,101,104,108,112,107,100,104,103,103,95,92,84,96,91,88,90,89,79,74,72,76,63,71,77,73,56,58,76,69,67,63,69,64,61,72,71,75,81,79,79,85,84,94,116,132
158,139,115,95,86,84,81,81,80,79,81,91,84,73,84,84,91,102,94,76,75,82,84,82,85,95,97,107,118,116,114,108,102,108,107,104,93,96,100,98,96,94,104,103,100,112,105,107,108,115,114,115,115,110,108,103,93,92,88,91,88,94,93,85,84,78,75,73,73,81,77,87,73,75,80,82,78,75,73,70,76,72,69,70,77,79,84,80,80,88,97,117
151,121,97,88,84,78,73,72,79,83,85,87,80,80,93,92,100,93,78,75,79,83,85,86,92,101,101,103,108,112,104,107,109,118,113,100,106,109,102,103,105,109,109,111,111,119,116,120,121,124,108,127,128,117,115,111,104,100,101,101,92,90,91,88,93,88,80,77,73,82,88,85,87,78,77,71,71,79,76,69,66,63,66,66,65,73,78,81,80,83,95,100
138,105,91,86,70,74,69,73,75,81,85,84,76,84,97,94,100,77,75,76,82,92,92,92,96,95,99,110,116,115,115,121,122,127,112,122,122,114,114,115,123,122,124,122,123,124,128,128,134,128,123,137,123,121,129,124,119,117,116,102,96,93,91,90,97,94,86,81,74,81,81,96,93,92,88,78,76,74,71,75,74,67,64,56,62,61,71,75,83,85,81,88
118,93,82,80,78,77,80,81,80,80,83,84,84,97,97,93,87,79,79,87,92,93,94,99,96,103,116,122,118,123,123,128,129,131,133,134,132,137,140,140,141,142,139,137,133,138,141,149,148,142,135,140,130,132,146,129,135,129,125,117,112,108,101,98,100,95,93,96,89,88,84,94,88,91,85,81,79,76,62,62,67,72,77,67,60,67,68,67,74,78,85,84
106,87,79,78,75,77,78,82,84,84,81,85,85,103,95,94,77,79,86,93,97,99,101,106,112,120,128,131,135,137,126,141,139,147,152,153,159,155,159,164,161,160,158,149,146,153,163,165,157,158,141,160,140,148,161,145,148,142,135,135,128,119,116,114,107,112,106,102,100,95,95,92,93,94,85,75,73,62,69,64,60,54,49,59,62,59,73,67,66,74,76,82
110,88,84,82,73,73,77,76,81,82,79,88,86,97,91,90,84,90,94,98,101,103,110,118,128,137,148,146,145,144,152,142,157,167,168,170,172,164,167,175,167,177,174,160,165,169,174,174,165,159,143,161,147,157,175,158,162,158,155,150,152,140,134,139,128,126,119,117,118,113,110,104,107,94,89,82,74,59,53,55,68,66,55,51,47,56,66,62,57,71,63,67
97,89,81,77,74,72,73,73,80,78,82,79,87,93,93,89,91,100,107,109,113,119,125,140,147,159,164,157,144,158,154,164,175,179,178,183,178,179,184,180,173,180,158,174,179,185,185,180,173,163,152,168,156,163,171,171,170,171,169,164,166,161,158,151,144,137,129,126,128,128,122,113,118,103,92,86,76,57,47,36,40,57,66,63,56,61,61,50,52,63,48,70
76,97,83,73,71,63,67,76,77,76,76,76,85,92,91,93,99,107,113,124,125,136,149,161,171,177,169,156,151,162,173,184,182,186,193,186,183,188,184,183,183,174,166,197,179,191,184,191,179,164,153,178,165,175,173,171,173,172,173,169,176,168,171,175,155,152,141,129,138,136,133,127,121,115,101,95,85,78,62,41,35,35,41,43,56,69,64,62,54,59,56,62
86,90,80,69,76,72,65,68,71,70,64,75,82,91,97,103,116,123,130,137,147,156,168,175,180,179,168,138,164,176,185,191,186,189,190,181,190,191,189,196,183,175,191,203,194,194,197,188,185,172,161,181,171,178,179,173,171,176,173,175,185,174,173,184,163,157,154,131,142,146,140,138,133,123,110,100,98,87,77,56,40,34,32,39,47,55,61,75,62,55,62,66
94,81,78,80,78,74,74,72,77,69,68,71,79,88,100,118,131,136,145,151,162,170,178,184,183,182,147,157,179,191,192,191,191,188,186,192,193,196,199,198,185,188,204,190,199,201,199,197,191,177,157,190,176,180,179,169,179,181,174,176,180,177,180,173,175,163,165,137,151,153,148,143,138,132,122,112,105,95,82,69,47,30,35,39,46,45,58,54,63,55,58,63
88,77,76,79,83,79,80,78,71,64,65,72,77,95,115,134,143,149,158,164,169,174,183,186,191,175,135,168,204,197,194,193,190,193,197,198,196,200,200,197,188,202,203,202,200,196,195,196,194,188,165,198,184,186,190,168,191,182,184,183,179,183,184,179,177,169,166,142,152,155,154,145,144,141,129,122,114,105,98,88,64,42,31,41,46,55,45,55,56,55,56,61
88,79,81,82,77,77,81,72,57,56,63,70,91,116,138,152,160,168,176,176,175,180,192,193,190,160,146,183,207,201,198,194,194,191,196,208,208,208,205,205,181,208,204,204,203,199,201,200,196,198,161,206,188,190,194,177,189,185,187,186,187,187,187,186,179,177,165,155,157,156,158,150,151,146,135,126,119,113,109,105,82,56,40,42,46,58,64,43,56,59,58,51
78,77,77,76,75,82,77,68,70,62,54,79,109,137,165,171,176,178,181,187,186,190,194,193,189,157,157,205,203,204,197,200,200,198,203,212,210,211,210,201,190,202,207,205,202,203,205,203,201,192,166,209,183,191,193,192,184,189,188,189,187,189,191,188,180,179,165,161,158,156,164,155,156,147,143,136,129,116,117,110,97,65,42,36,43,54,66,45,53,59,63,55
82,79,77,79,84,81,76,74,62,63,77,99,132,160,178,180,178,181,188,192,193,193,195,194,196,152,185,210,203,200,193,197,203,208,208,219,204,218,213,196,214,200,214,207,204,206,210,204,210,200,189,202,189,192,192,189,190,192,195,191,190,190,189,189,188,181,171,169,166,156,164,159,155,149,146,140,128,126,125,118,108,80,52,36,45,51,63,64,54,55,51,63
82,78,76,79,80,77,74,71,68,68,83,99,139,167,182,188,186,186,191,196,192,197,199,201,199,155,193,203,201,197,197,201,211,214,215,217,216,220,218,203,216,200,216,211,209,212,208,203,208,209,187,188,187,194,195,190,199,193,193,194,189,182,185,189,195,178,172,172,171,161,159,163,159,148,148,142,136,128,130,126,118,84,67,43,41,46,70,66,58,54,52,52
78,73,77,84,84,82,78,74,61,69,93,118,150,177,188,189,186,187,194,196,197,199,197,200,195,168,193,202,196,202,205,207,212,216,217,216,221,224,217,208,213,208,215,213,212,212,211,203,206,207,191,181,198,198,196,200,200,191,191,192,189,186,197,196,189,177,168,175,174,167,164,167,160,151,154,146,144,135,130,127,126,103,65,44,40,51,62,69,60,54,51,58
67,66,79,81,84,83,81,75,67,74,102,126,163,187,188,193,185,194,195,200,200,199,198,202,196,195,201,198,198,208,212,214,216,217,217,217,220,224,209,208,221,219,215,212,220,212,212,207,206,210,201,174,196,203,197,203,194,194,190,199,199,198,198,191,190,183,175,168,180,177,164,165,165,158,153,147,144,140,137,131,130,115,80,49,43,46,70,68,62,56,55,45
60,71,81,85,85,79,66,72,77,84,108,134,164,180,194,195,191,194,198,201,204,201,203,201,203,195,207,205,208,210,211,215,215,218,216,216,223,223,217,200,225,217,217,213,221,211,211,210,207,211,209,180,193,204,200,204,194,190,191,192,196,200,195,191,187,183,177,175,179,182,168,169,169,162,156,153,146,140,140,136,130,119,88,59,55,59,57,69,67,55,48,47
63,79,80,88,88,79,79,68,83,93,105,134,166,182,195,194,191,191,196,199,203,202,203,199,205,196,214,206,210,208,211,215,218,221,219,220,223,220,218,210,224,219,223,217,212,209,212,213,209,208,203,183,188,201,194,198,199,194,191,188,196,199,193,191,191,190,175,174,176,177,174,168,169,163,156,155,150,146,139,140,136,128,102,70,55,61,56,67,72,57,51,45
82,83,82,82,74,83,79,79,84,93,101,131,163,180,191,194,195,192,197,197,201,205,205,199,205,196,213,205,206,209,211,213,216,220,209,223,220,220,215,214,216,214,218,219,213,213,210,211,209,205,208,172,181,194,194,199,198,195,193,196,195,199,190,194,194,184,172,173,175,181,178,166,165,158,157,160,157,148,138,141,136,129,112,80,60,52,59,70,67,67,57,42
86,84,85,82,84,81,83,88,80,92,109,141,162,180,192,201,190,194,200,199,203,201,203,204,206,200,204,208,207,207,203,216,217,220,213,223,216,217,209,221,219,211,214,216,217,211,211,209,207,207,210,184,164,193,193,193,194,198,193,192,191,200,189,192,189,180,176,179,175,173,173,171,167,161,159,158,155,152,146,141,137,129,113,83,73,43,69,71,68,61,59,49
89,81,79,82,86,80,81,85,84,89,104,132,161,183,190,195,195,194,199,203,206,202,205,205,203,206,202,207,208,207,206,215,216,216,214,220,207,212,213,214,212,204,211,215,205,211,208,211,208,205,203,212,148,189,198,200,195,193,191,189,191,196,187,189,182,178,180,181,178,174,173,167,168,163,159,160,159,153,147,144,136,130,116,83,75,61,69,66,71,64,61,44
80,74,81,84,81,78,81,76,85,82,96,129,159,178,189,197,198,197,199,204,202,205,207,205,207,208,205,205,207,211,210,210,211,217,215,216,209,205,225,214,209,213,214,214,206,214,208,211,204,203,207,221,157,191,196,194,193,192,190,190,194,191,190,187,184,179,182,182,179,176,173,169,168,164,165,161,159,155,151,145,138,131,122,90,78,76,70,66,71,62,53,55
79,76,79,77,77,72,81,75,72,78,95,127,156,171,188,199,199,202,203,207,202,206,208,207,206,207,210,206,208,210,209,208,214,212,216,212,210,195,222,213,209,212,205,211,213,210,211,208,207,205,203,216,166,175,193,198,198,195,191,190,191,193,191,186,185,179,185,180,179,179,172,168,169,166,166,162,160,154,151,144,135,130,122,91,78,74,65,66,64,66,53,43
76,75,74,71,73,67,69,76,72,76,92,126,157,170,184,201,198,198,205,204,204,206,207,205,208,205,207,206,211,208,214,210,211,212,221,217,195,207,221,212,206,207,204,209,213,210,210,208,206,205,206,209,189,174,196,197,197,191,191,189,187,192,189,186,182,182,180,178,175,176,173,170,165,166,161,161,162,160,155,147,136,134,115,83,75,65,55,56,60,62,57,36
78,74,71,68,68,64,71,65,64,67,86,121,150,173,189,196,197,200,204,205,206,209,204,207,209,208,211,208,208,210,212,213,209,208,213,213,188,209,215,209,208,206,210,207,208,208,207,209,205,205,206,207,201,171,190,198,194,191,190,184,188,189,191,188,186,180,184,173,172,170,169,168,167,167,167,164,158,157,154,143,137,133,113,76,63,61,49,58,58,56,54,44
79,74,71,67,56,62,67,66,61,72,82,119,153,176,191,196,195,198,202,203,206,208,206,204,206,209,208,211,211,207,213,211,211,210,212,219,201,213,212,205,210,210,209,209,209,207,204,209,205,206,204,203,203,191,191,198,194,195,192,193,191,185,193,188,183,184,181,179,182,182,175,172,172,174,174,167,162,157,151,142,137,127,110,75,60,48,40,39,42,54,50,44
79,75,66,60,53,65,57,72,79,79,87,117,149,172,194,196,191,195,202,198,204,205,203,206,206,211,211,210,208,210,210,213,211,212,214,215,197,223,214,210,204,207,209,209,210,209,199,204,205,205,205,205,208,194,188,203,201,201,199,195,198,197,197,193,191,193,192,194,187,180,169,177,176,174,174,171,164,160,149,141,134,130,109,73,48,44,43,39,41,42,49,44
76,75,72,63,71,74,82,79,79,77,90,113,144,178,190,192,189,198,202,201,196,200,204,206,208,213,212,208,213,213,214,215,216,215,226,215,184,220,213,218,211,214,211,210,212,213,206,209,210,208,210,210,213,200,194,206,208,206,200,200,201,205,202,197,198,191,192,185,184,183,179,183,177,178,172,174,161,160,146,141,138,132,108,75,52,44,36,28,35,40,46,47
82,80,71,62,63,63,91,78,76,80,84,111,141,182,191,195,193,198,197,197,201,197,202,205,210,213,213,211,211,213,216,213,214,217,215,210,202,216,216,213,212,211,208,213,213,211,209,211,214,206,211,212,215,205,205,204,209,203,200,205,201,204,202,201,195,198,189,188,189,187,186,188,188,179,175,171,165,157,146,143,138,133,106,71,46,43,35,29,34,29,41,52
92,75,64,69,62,63,89,84,84,86,91,107,127,176,188,194,197,198,198,194,197,200,201,205,210,212,216,216,218,220,217,216,216,219,211,213,204,218,214,216,215,212,212,213,212,208,206,209,210,205,206,209,208,210,205,203,202,201,202,203,199,200,198,200,198,197,190,187,189,192,188,183,166,169,172,167,164,157,144,142,136,128,99,66,45,42,41,36,35,39,34,59
87,75,68,58,50,63,103,94,90,89,87,98,136,182,187,188,192,194,190,195,199,198,199,205,211,214,214,209,219,226,219,208,216,219,219,219,203,216,210,212,212,208,210,208,210,209,211,208,205,202,206,207,208,204,203,202,199,205,200,197,199,198,196,199,196,195,190,190,186,185,180,168,154,154,155,159,165,153,139,136,134,128,99,55,40,29,45,38,34,43,48,70
93,78,67,64,62,64,131,121,108,85,97,93,136,185,185,194,193,192,186,195,201,198,201,204,208,221,217,211,214,219,227,224,227,225,219,221,218,219,218,218,214,210,211,207,206,206,208,210,208,205,211,212,211,207,206,198,202,201,197,187,196,199,199,202,195,192,188,185,179,170,161,152,138,129,125,131,146,146,136,132,133,125,95,58,40,37,40,32,36,62,87,111
134,89,73,64,61,57,134,148,145,93,90,96,135,193,186,189,185,188,188,193,195,201,203,203,198,193,194,196,203,209,208,214,224,220,218,224,218,221,219,216,217,210,210,207,212,211,208,208,205,202,205,207,204,200,201,191,203,203,195,192,195,201,200,200,190,179,173,164,152,143,134,130,122,109,106,106,116,122,131,135,136,128,90,63,48,41,40,43,105,164,171,170
168,141,85,79,63,60,104,180,178,106,100,98,130,198,184,185,187,187,191,194,203,210,208,180,170,163,167,180,173,177,186,204,218,217,213,214,216,214,214,209,210,216,210,207,208,207,204,204,205,202,200,204,202,191,199,195,189,189,188,198,199,203,197,188,180,164,153,132,124,115,108,111,113,119,113,114,111,110,111,129,134,125,86,56,40,38,47,83,162,188,189,186
161,196,111,83,76,69,72,198,199,129,93,98,126,198,185,190,189,192,190,190,177,159,145,142,140,139,144,141,148,158,171,162,161,171,190,198,207,206,219,212,203,202,199,196,203,203,199,204,202,200,201,199,199,188,193,190,190,184,184,183,181,176,170,159,145,136,117,105,96,90,94,97,89,111,123,123,121,121,109,130,131,127,86,54,43,45,42,127,193,195,194,192
172,194,127,87,81,70,40,194,205,152,108,98,129,194,192,186,185,187,183,168,139,144,151,145,145,134,134,132,120,121,125,116,110,118,120,125,138,150,161,181,191,191,198,190,193,201,202,202,199,196,197,201,199,189,192,194,183,174,175,171,159,140,129,116,110,103,92,87,94,95,104,120,129,135,133,135,131,129,124,126,134,126,82,64,47,48,63,183,198,197,193,193
178,193,139,96,74,66,40,179,215,176,119,82,126,189,191,189,191,186,175,157,151,162,166,175,167,168,142,129,113,94,82,78,87,87,96,96,105,127,141,150,176,178,178,176,183,187,198,199,198,197,193,198,198,189,188,176,162,165,169,157,142,122,106,95,85,83,89,98,113,116,122,125,132,137,136,136,137,124,125,129,133,120,77,68,50,54,101,211,192,182,196,189
181,199,148,101,81,74,56,137,228,173,120,83,137,195,203,184,189,184,171,162,167,177,174,165,167,162,168,169,167,155,145,118,101,98,104,114,115,128,130,136,154,162,156,156,172,178,193,199,199,200,193,193,190,185,177,174,166,159,157,144,124,100,95,87,94,93,107,115,115,120,119,114,107,123,124,127,128,128,131,134,131,113,75,71,49,45,181,230,185,185,197,185
178,199,172,111,88,78,59,84,232,186,114,80,145,192,194,187,188,182,174,169,172,172,177,165,171,166,162,141,127,121,113,96,97,108,121,109,111,122,134,141,145,143,153,162,169,172,186,192,195,195,193,194,189,180,174,168,160,154,143,129,108,99,91,85,86,82,81,87,89,102,124,118,107,99,118,122,131,120,124,133,135,113,73,61,51,87,218,204,189,176,177,184
161,220,186,124,79,81,77,58,197,217,115,69,143,203,195,191,186,181,176,178,174,173,168,161,150,135,128,120,107,94,77,81,80,89,85,92,113,117,122,135,136,146,149,159,172,170,181,191,196,194,201,194,185,184,177,163,147,133,117,110,97,101,88,78,85,80,90,86,125,138,103,93,101,101,113,122,128,133,138,137,136,123,81,55,56,134,226,202,195,187,191,184
170,216,181,126,86,80,78,66,84,226,131,74,161,199,193,192,181,184,182,173,169,166,157,144,125,127,83,104,185,119,94,170,92,90,110,111,123,112,115,105,122,131,142,149,159,167,172,183,192,197,195,195,189,178,162,147,125,107,106,99,110,133,118,101,163,104,92,104,121,187,163,115,96,94,105,121,134,146,144,143,143,122,74,68,94,177,226,212,213,199,185,182
183,190,192,155,109,80,79,74,61,218,133,84,155,200,195,196,176,180,185,187,178,165,150,136,124,95,136,181,216,111,99,118,56,85,117,131,201,134,124,117,121,127,130,136,153,160,170,184,192,197,200,194,187,169,148,127,113,113,119,122,152,205,159,100,97,90,97,87,123,188,161,136,119,105,111,125,142,147,145,142,138,106,72,81,137,174,199,191,201,180,178,187
172,183,198,174,147,93,72,71,67,185,135,84,151,192,192,197,184,184,185,189,181,170,157,134,124,136,162,198,223,163,120,113,102,116,106,191,208,174,159,139,131,138,150,138,147,160,169,187,197,205,212,195,186,166,136,117,118,139,124,158,198,219,209,141,96,91,94,124,163,177,163,146,128,122,124,137,144,148,147,142,135,106,76,108,149,165,187,197,198,179,160,192
165,193,189,195,165,115,80,69,72,129,148,112,151,193,194,197,187,192,192,195,192,180,161,150,143,151,168,191,215,226,169,114,95,121,184,212,213,185,139,156,141,157,171,168,156,159,174,184,201,207,211,209,189,161,130,128,136,148,117,124,142,171,206,225,201,164,174,184,172,169,155,145,121,134,145,154,157,156,150,141,141,105,70,113,142,166,195,185,208,194,162,190
153,212,193,185,167,140,91,77,60,90,143,114,144,194,193,199,195,192,193,196,194,191,184,173,165,156,158,168,183,211,233,223,224,224,219,185,172,152,142,136,144,156,173,179,169,159,173,189,199,211,211,209,185,156,133,137,151,151,154,160,158,153,162,171,185,193,192,178,166,152,136,135,128,138,153,161,160,157,152,140,133,104,73,110,134,161,175,193,176,181,177,181
165,207,183,183,171,166,101,79,72,80,153,113,146,194,199,191,192,197,199,196,197,196,191,188,181,160,160,155,147,160,183,184,178,171,161,156,155,144,144,147,157,161,163,176,176,161,183,185,204,225,216,208,196,163,138,137,146,152,153,150,142,141,149,147,147,145,146,134,138,135,132,133,135,151,163,168,163,156,150,139,128,109,92,123,136,153,157,182,178,174,182,191
164,194,179,185,176,182,122,83,74,92,168,117,145,187,198,189,194,197,200,196,203,203,208,198,192,176,169,162,154,141,139,147,144,149,154,150,147,148,153,162,158,161,177,182,172,175,182,191,209,220,221,219,199,167,143,138,148,148,149,148,148,143,140,141,136,130,132,131,134,136,138,139,155,165,168,169,165,153,144,141,126,106,103,125,142,158,170,194,181,178,182,198
164,194,184,189,180,181,157,100,78,93,171,128,145,175,194,197,198,186,198,201,200,203,210,208,202,192,177,172,164,165,163,155,156,152,157,151,157,162,163,161,156,166,191,183,181,184,188,198,207,219,220,219,207,186,159,142,152,153,150,147,143,145,145,143,146,144,144,143,144,139,140,149,164,172,174,169,159,154,148,141,124,102,107,130,153,166,173,180,186,176,179,184
174,185,192,187,188,186,163,120,85,87,136,131,127,180,192,192,199,200,197,204,208,215,213,216,211,202,197,184,176,173,165,170,168,168,167,169,167,163,160,155,162,188,193,188,185,193,196,204,210,218,223,214,208,194,166,151,147,151,153,150,145,144,150,155,158,160,153,153,147,152,162,169,175,176,172,170,158,152,145,138,122,100,131,171,166,182,158,189,191,179,173,175
169,190,179,195,180,177,166,147,120,100,99,114,136,166,185,188,199,201,195,200,207,213,212,212,211,216,208,201,192,185,184,178,185,183,178,174,163,157,150,162,190,196,198,194,192,196,198,203,214,219,224,211,211,202,174,150,152,155,155,157,156,150,150,153,159,157,158,158,158,161,170,175,178,181,177,171,162,153,146,140,114,97,150,186,171,209,159,191,184,177,167,147
167,202,181,193,160,171,169,165,149,129,109,106,124,159,188,194,198,196,197,200,206,209,212,211,208,220,211,212,208,200,192,186,182,182,171,164,157,156,181,194,198,204,205,189,198,198,193,206,211,219,223,217,211,200,181,153,155,155,158,161,161,161,156,155,157,159,163,167,171,172,180,181,181,179,175,170,158,149,145,132,104,100,152,170,170,215,192,201,181,171,160,152
157,206,183,189,180,171,176,177,179,145,98,107,105,153,175,192,197,196,195,199,200,205,209,214,215,216,209,214,211,210,202,192,183,183,174,176,186,195,201,205,205,204,204,195,198,201,200,204,217,217,219,216,210,206,189,157,155,155,159,165,171,172,168,165,165,165,166,172,176,182,183,187,185,177,176,167,159,150,141,132,108,89,179,179,160,167,179,168,161,164,160,158
164,209,183,185,177,171,172,168,168,157,118,103,117,140,160,183,190,197,199,204,205,203,210,214,214,213,210,208,205,208,205,192,197,193,195,198,206,209,206,208,210,202,200,198,200,200,196,206,213,219,225,214,213,205,196,154,156,154,157,163,170,175,176,175,174,175,173,176,178,181,183,181,178,172,166,159,158,150,141,123,101,100,130,143,146,147,153,147,156,158,159,153
174,199,178,192,173,176,171,164,161,150,137,87,109,132,155,182,188,190,193,200,203,204,203,210,206,214,212,208,206,210,203,201,200,202,205,205,212,210,208,207,208,206,198,194,201,198,200,206,213,220,221,217,211,205,195,157,154,155,156,163,170,176,179,179,179,180,182,176,177,183,184,181,171,168,162,160,153,152,143,117,104,120,134,137,136,137,136,138,150,155,155,150
174,194,172,201,180,174,172,169,156,157,132,99,102,121,155,171,186,190,193,198,204,204,206,208,203,208,212,208,204,207,205,209,208,210,211,212,209,213,213,209,206,206,195,197,202,192,198,203,210,220,224,218,212,208,195,167,148,153,154,158,168,177,178,179,181,183,185,178,178,184,184,176,173,164,161,158,153,150,138,116,105,122,129,128,129,127,127,130,130,137,141,142
174,205,177,192,171,171,168,156,147,142,114,92,101,117,143,163,178,186,194,214,191,202,202,204,198,212,207,212,213,207,209,213,209,203,211,215,209,210,199,206,202,196,196,197,193,193,200,196,208,224,224,225,210,206,196,173,151,151,153,154,162,180,176,181,182,184,184,182,183,183,177,179,169,163,164,158,156,146,127,109,95,114,125,125,123,123,121,128,126,129,131,133
167,215,189,183,173,156,144,134,142,136,107,100,104,102,142,159,173,190,196,208,197,193,200,201,202,205,203,213,215,209,208,209,209,211,209,212,209,209,210,206,202,195,188,188,187,191,196,207,208,215,214,219,211,205,195,177,157,150,145,151,160,172,177,180,183,185,186,182,181,180,179,173,170,164,160,149,150,142,115,96,105,116,120,122,119,120,113,121,124,125,125,128
167,212,185,190,176,168,168,165,148,145,143,125,100,109,138,149,165,175,189,198,201,190,198,206,207,205,206,204,208,214,206,203,212,211,208,210,208,206,205,203,195,191,180,179,182,194,206,208,209,213,218,220,211,202,192,177,164,146,141,142,156,162,177,180,185,185,183,178,179,180,177,174,166,163,162,153,147,139,112,93,108,116,118,120,119,114,111,116,118,121,119,120
176,193,177,187,171,174,172,165,169,167,160,166,196,162,126,141,157,161,186,184,198,194,196,205,209,205,205,201,205,209,208,207,206,211,205,209,203,205,199,201,190,185,178,174,181,192,201,207,206,211,214,220,212,199,187,178,165,151,140,140,148,159,175,179,181,183,179,179,176,173,176,173,165,165,161,151,147,131,105,88,98,113,113,112,112,114,108,113,115,116,113,114
173,187,177,190,181,174,172,162,169,175,181,181,215,164,116,135,148,159,193,177,199,198,202,205,207,203,206,205,203,203,200,203,208,212,209,206,203,204,192,188,188,178,176,180,184,192,199,204,208,212,216,215,217,202,193,181,167,155,145,138,140,152,166,175,180,183,179,178,177,174,183,167,165,163,156,146,133,124,94,87,100,104,116,115,116,111,110,109,110,110,114,116
168,175,186,180,181,172,172,165,167,178,175,177,190,175,127,137,131,158,183,178,200,196,198,206,206,206,207,206,201,200,207,208,209,209,214,203,202,196,187,183,187,174,187,191,189,192,200,211,209,213,213,212,212,203,194,183,172,156,148,146,134,147,162,168,175,179,179,172,175,174,175,169,165,157,152,150,129,108,80,88,106,105,110,114,112,109,107,106,108,107,106,108
163,172,178,179,180,174,170,166,163,171,171,177,193,182,122,125,134,154,156,170,187,189,194,196,202,203,206,207,204,204,206,203,204,203,201,187,194,189,184,188,185,186,187,192,194,190,200,202,210,213,218,214,210,201,192,181,176,159,148,148,139,145,150,163,171,175,175,175,176,171,172,164,161,157,150,136,117,92,77,88,101,107,104,106,105,109,105,104,107,106,107,102
159,172,177,180,181,173,171,162,161,166,172,178,186,184,157,114,141,146,146,161,178,176,176,194,196,205,204,205,207,207,206,209,203,204,203,193,191,182,181,189,187,183,190,193,192,195,199,207,204,214,223,213,207,203,193,182,176,159,146,148,144,140,149,158,167,175,174,174,177,170,167,157,158,153,141,127,110,88,79,91,99,105,107,107,106,104,106,102,103,101,101,98
161,173,176,181,182,168,173,168,165,166,169,175,171,189,183,102,132,143,135,150,173,166,184,179,190,198,201,205,206,207,206,207,201,199,200,193,186,181,187,193,196,172,189,186,185,190,195,208,203,214,219,211,203,197,189,181,166,153,143,147,144,138,147,157,164,170,174,173,171,169,166,161,160,148,135,117,106,89,82,93,96,100,104,109,106,106,102,96,98,98,100,99
161,166,168,178,181,163,167,156,166,166,168,175,173,191,203,102,127,137,132,156,164,166,168,178,194,199,199,202,205,202,203,200,200,196,191,187,183,187,191,195,199,182,162,164,164,161,179,196,203,211,212,204,199,193,180,171,153,138,133,138,136,142,151,157,164,164,165,168,169,167,162,158,153,142,124,110,95,78,82,99,99,102,105,99,104,102,107,101,97,96,96,97
154,160,168,173,182,177,167,161,141,147,165,174,172,171,206,133,121,134,148,154,150,163,166,176,191,202,200,202,193,197,200,194,197,191,191,186,187,190,193,190,193,192,177,155,143,136,149,170,188,205,205,196,191,180,170,148,115,113,123,132,139,146,146,149,152,159,162,165,164,162,158,157,144,134,115,100,87,81,86,96,98,96,102,101,102,107,97,97,95,94,99,96
155,165,162,182,192,189,196,171,178,141,130,133,128,124,149,140,91,108,148,147,143,157,163,163,176,195,195,195,189,198,198,192,189,188,189,190,190,183,179,183,189,181,179,164,142,128,140,149,166,179,187,180,178,167,152,111,93,101,118,134,134,137,139,138,140,146,156,159,158,160,158,149,138,126,103,91,82,72,82,86,86,88,93,101,99,99,94,94,93,95,101,85
155,158,159,187,167,161,168,179,188,209,209,196,217,224,238,242,163,93,137,132,137,146,159,153,158,173,181,190,191,189,197,190,189,188,182,177,177,175,171,172,173,167,164,152,118,121,136,146,146,154,161,162,156,143,121,94,93,96,107,124,133,135,132,129,128,133,140,151,157,156,153,143,127,106,90,82,70,63,59,52,49,52,62,81,93,93,95,94,92,90,92,87
153,153,153,200,147,144,172,183,198,213,228,231,247,250,240,246,190,77,114,127,134,146,146,146,164,178,177,186,184,188,186,191,190,175,169,173,162,169,166,164,158,166,147,140,124,123,138,145,149,146,140,142,126,121,112,99,92,102,114,119,126,129,131,121,118,126,133,135,150,151,145,139,125,101,84,80,77,50,32,39,33,39,41,47,70,88,86,96,93,89,88,89
138,161,150,170,135,135,152,166,176,180,183,181,187,185,194,183,156,93,104,115,128,132,134,142,154,157,174,180,184,184,183,184,186,151,165,157,147,146,151,162,143,156,137,129,128,114,137,141,148,146,143,142,136,125,114,103,94,99,102,107,106,119,123,111,107,121,122,127,141,143,137,127,108,89,79,72,61,40,39,40,44,43,24,38,41,73,89,96,91,89,86,85
152,160,162,184,214,177,157,144,129,124,128,140,141,154,163,152,141,112,94,103,126,126,128,140,149,156,167,169,173,178,190,173,168,145,143,141,146,141,156,155,148,153,149,127,126,121,130,146,149,137,143,148,138,135,125,119,111,106,110,113,106,111,114,112,112,123,121,122,133,133,131,111,98,78,68,62,48,37,31,32,43,34,31,25,37,47,79,80,87,90,87,85
143,158,162,164,161,178,167,165,135,133,155,166,155,128,118,109,81,75,81,95,109,116,124,128,134,149,148,157,166,178,177,159,153,144,148,151,153,139,157,158,158,147,136,137,147,147,150,164,158,129,143,144,140,148,145,136,123,128,124,129,127,125,125,125,121,121,120,123,130,131,119,102,85,72,72,59,44,40,29,31,34,35,32,18,32,42,45,52,67,82,81,81
125,163,159,166,153,142,145,144,141,164,154,129,92,70,68,64,70,57,78,93,89,104,113,121,129,134,151,157,162,168,165,156,151,154,144,143,143,141,143,151,157,157,152,161,164,171,179,188,167,147,152,149,157,170,174,154,148,146,137,135,134,131,125,120,117,118,112,120,124,128,117,88,72,66,64,53,43,41,33,33,36,43,31,23,27,36,33,39,42,56,65,65
119,158,147,154,164,162,178,170,128,99,81,76,82,73,62,62,48,45,72,88,89,91,99,113,124,127,150,158,159,161,171,155,149,138,133,137,136,132,141,153,152,157,163,168,170,191,195,204,185,176,173,184,187,187,187,159,157,148,134,127,114,116,112,116,108,115,114,121,122,117,98,79,70,57,56,63,46,44,38,42,30,30,28,30,29,44,45,42,38,31,37,47
118,156,130,213,253,231,177,101,72,59,66,66,76,63,58,53,58,56,67,75,90,79,98,101,106,129,134,141,154,158,153,149,146,136,129,137,144,150,141,136,134,130,118,117,120,123,137,151,169,184,187,194,184,158,136,113,105,102,103,109,111,116,120,130,127,126,126,121,114,104,85,73,73,61,70,69,51,46,39,34,33,35,28,29,30,41,42,45,40,51,39,45
112,160,140,211,132,69,53,64,56,70,64,63,71,51,50,48,64,61,69,68,113,74,88,89,93,109,123,136,143,150,162,162,146,140,140,149,162,168,158,147,143,140,134,134,118,114,106,105,113,127,136,139,107,103,95,111,106,111,114,123,123,121,127,138,139,132,121,116,98,85,78,71,60,61,82,72,56,37,36,29,33,40,33,28,28,29,35,51,39,36,36,37
115,160,150,106,55,64,66,65,58,60,61,58,70,49,46,51,61,58,69,66,122,95,87,89,96,99,113,121,128,142,144,142,142,152,164,163,166,159,157,155,151,153,149,151,159,155,144,140,132,121,118,121,127,135,132,138,134,123,126,124,123,122,129,137,129,122,106,96,89,76,70,77,65,73,91,61,48,42,37,36,33,38,32,31,26,30,40,44,42,40,31,34
67,73,97,86,70,53,58,57,58,52,45,55,65,54,40,50,53,61,70,70,89,136,98,86,100,96,101,107,119,128,127,124,126,154,170,180,170,162,157,154,150,149,148,145,152,158,154,155,147,140,149,140,144,146,139,137,128,124,121,120,121,124,126,129,124,113,92,81,72,63,76,70,66,89,87,49,47,42,37,31,28,41,39,28,21,33,37,40,38,34,39,41
58,65,79,70,54,51,48,52,51,52,42,59,64,48,37,43,41,58,64,71,75,145,122,91,94,103,98,97,103,105,104,111,113,129,148,162,170,167,159,155,152,151,146,144,146,140,143,149,143,145,145,140,138,137,133,117,124,121,118,119,121,125,125,125,112,95,87,72,72,75,71,74,82,90,72,46,50,35,35,37,35,36,34,21,22,28,37,36,38,33,33,36
70,73,70,61,42,48,47,55,49,53,50,59,63,51,36,45,50,57,62,74,49,142,136,120,92,101,105,102,94,94,106,100,99,96,114,144,161,167,163,159,152,152,147,147,144,141,141,139,138,141,135,135,129,127,127,118,120,118,118,119,129,127,122,113,93,88,77,68,69,75,75,88,95,84,56,44,37,39,47,43,38,31,36,33,29,36,37,31,37,36,39,33
59,60,51,54,35,41,49,54,52,45,47,60,67,58,41,53,44,45,62,64,36,110,143,135,121,95,111,111,93,84,87,98,100,102,116,123,140,154,159,157,155,147,145,136,131,133,136,129,121,117,123,116,112,114,116,115,112,121,125,126,127,127,115,98,89,76,65,65,68,75,86,100,99,73,53,40,37,35,37,35,35,33,30,26,25,32,30,30,32,33,28,29
44,54,57,51,44,44,38,50,50,49,50,49,56,49,39,42,44,51,60,66,63,55,142,140,132,119,94,99,112,93,85,87,99,104,111,119,133,134,147,146,145,149,151,143,132,118,125,108,89,92,94,91,94,102,118,126,137,139,140,137,125,120,108,100,80,70,55,68,74,81,93,98,76,56,41,35,33,28,27,34,38,34,29,26,20,24,29,40,37,31,34,29
45,47,50,54,40,39,47,58,53,45,44,55,54,48,37,31,45,42,51,66,57,42,119,149,137,127,115,102,103,104,94,78,95,102,117,126,135,144,140,144,150,153,162,161,161,157,147,126,110,101,104,109,111,127,139,149,142,145,141,130,119,111,105,92,76,63,71,71,81,93,95,86,71,55,39,38,36,25,36,35,26,37,36,21,22,30,24,41,35,29,33,24
49,43,35,47,50,44,38,36,41,42,50,48,56,44,37,31,38,46,52,52,56,54,60,145,150,144,128,127,105,101,101,79,78,90,106,122,136,142,138,146,162,161,163,169,166,163,156,157,152,141,139,150,140,139,147,153,145,134,129,120,115,101,90,90,77,63,73,88,91,93,91,82,56,39,37,36,27,30,31,35,27,32,35,31,21,22,25,38,37,35,34,27
45,37,40,34,34,45,40,42,37,41,44,50,59,52,38,40,42,45,45,57,65,54,45,107,151,163,156,135,127,107,96,100,86,83,92,108,130,135,136,157,139,154,158,160,166,164,167,160,156,152,147,148,150,144,141,146,134,130,116,108,104,94,86,65,68,74,77,86,102,92,87,70,41,34,36,31,27,31,35,32,37,36,33,27,24,32,29,32,36,31,25,32
44,37,34,41,42,42,41,37,32,33,37,38,57,47,41,36,29,45,53,47,54,50,38,66,130,158,160,154,137,127,109,97,96,88,83,89,111,118,128,133,125,133,147,151,148,153,165,151,144,151,148,142,155,142,139,135,125,114,111,103,93,80,76,60,73,88,94,99,101,90,75,54,37,31,29,31,34,34,34,29,25,33,28,21,21,34,34,28,34,25,29,27
41,40,34,43,41,45,47,40,37,28,35,47,59,40,40,31,27,29,39,39,52,60,51,50,88,141,158,161,166,150,131,117,101,100,90,86,90,107,108,115,126,121,131,135,133,138,144,141,137,138,135,133,138,134,128,123,111,99,95,92,79,79,70,72,92,97,108,98,94,81,57,40,34,39,34,30,32,37,30,38,32,19,29,16,20,28,26,23,32,32,20,32
36,39,41,40,44,45,37,40,31,34,37,42,40,46,41,36,24,36,37,42,50,54,50,40,50,110,140,158,165,167,156,133,118,98,93,84,80,87,98,111,125,123,113,118,125,131,126,126,128,127,126,127,123,121,116,115,92,93,84,80,67,72,76,88,98,107,103,96,81,64,49,39,32,31,24,40,33,29,22,32,34,31,23,16,26,23,34,39,35,28,24,35
40,40,40,39,46,38,36,31,30,24,33,40,48,55,39,35,31,36,40,45,45,51,50,50,52,70,118,149,157,162,166,158,154,146,111,98,81,80,77,92,100,99,98,108,110,121,116,110,112,112,114,116,114,115,105,97,90,76,75,69,69,78,93,105,113,112,101,91,69,45,36,32,38,26,27,33,37,33,33,28,37,32,24,10,16,27,28,25,36,32,22,33
38,30,39,35,39,37,37,39,31,33,35,33,39,41,40,38,17,36,39,37,39,40,43,49,45,49,84,122,147,157,157,163,163,168,155,140,106,90,78,73,76,74,81,85,86,86,90,92,94,88,93,98,99,96,82,84,67,66,70,76,90,104,108,110,107,104,92,76,46,28,32,31,27,35,42,30,36,28,13,26,32,32,26,22,25,29,35,26,27,30,27,25
40,30,36,40,49,35,30,32,25,30,32,33,45,40,40,44,44,26,27,36,36,43,42,53,56,47,49,88,120,149,153,161,157,152,153,161,162,148,106,79,68,67,63,70,73,74,69,72,76,72,80,82,79,77,73,67,62,74,88,99,114,110,118,112,111,93,80,52,26,36,33,29,30,36,39,34,35,33,22,26,35,26,25,19,22,33,23,36,33,28,26,28
35,40,42,41,45,37,33,31,33,29,36,26,31,42,50,43,39,27,30,31,28,49,44,48,49,58,41,58,82,119,137,158,158,163,162,162,160,162,156,140,111,88,77,66,73,67,67,69,71,67,60,56,65,72,77,81,89,111,121,128,123,122,120,109,100,79,55,31,38,32,26,37,28,42,43,38,31,27,26,29,33,38,28,19,25,21,30,39,40,32,35,18
37,39,28,28,34,32,37,35,29,19,28,25,31,38,41,50,38,33,24,23,38,38,36,43,46,51,63,55,54,86,109,138,145,151,152,157,160,160,157,155,149,148,144,139,112,100,100,88,77,72,75,89,94,101,109,115,129,128,127,124,127,124,116,101,78,55,29,34,37,35,26,23,28,31,30,26,23,27,30,32,32,26,23,26,20,24,36,31,38,36,30,21
33,30,33,38,37,33,34,32,38,29,28,36,32,37,52,34,31,30,36,28,25,40,44,39,37,41,42,47,43,60,76,97,125,137,151,154,159,157,162,157,154,149,148,140,143,141,143,144,135,129,137,131,129,134,135,131,125,128,127,128,121,109,95,72,45,40,27,37,30,40,34,32,28,34,29,34,34,34,34,33,28,14,21,21,20,28,25,30,30,29,23,16
33,31,33,37,29,38,30,25,26,22,26,34,37,36,45,39,44,40,33,29,29,24,32,42,44,44,36,47,49,47,60,76,91,111,130,144,154,155,156,152,154,144,146,145,142,139,136,138,140,137,137,133,137,134,125,127,128,127,124,128,111,87,59,43,43,35,31,36,31,28,27,28,32,23,29,30,28,26,38,29,29,18,19,19,27,24,27,26,28,34,29,24
